criando thread no segundo 3 
thread 0 criada
pagina 19 criada na thread 0
pagina 29 criada na thread 0
pagina 36 criada na thread 0
pagina 0 criada na thread 0
thread arg: 0x14088a0
19 29 36 0 -1 -1 -1 -1 -1 -1 -1 -1 -1 -1 -1 -1 -1 -1 -1 -1 -1 -1 -1 -1 -1 -1 -1 -1 -1 -1 -1 -1 -1 -1 -1 -1 -1 -1 -1 -1 -1 -1 -1 -1 -1 -1 -1 -1 -1 -1 -1 -1 -1 -1 -1 -1 -1 -1 -1 -1 -1 -1 -1 -1 
criando thread no segundo 6 
pagina 21 solicitada pela thread 0
PF
-----------
29 36 0 21 
29 36 0 21 -1 -1 -1 -1 -1 -1 -1 -1 -1 -1 -1 -1 -1 -1 -1 -1 -1 -1 -1 -1 -1 -1 -1 -1 -1 -1 -1 -1 -1 -1 -1 -1 -1 -1 -1 -1 -1 -1 -1 -1 -1 -1 -1 -1 -1 -1 -1 -1 -1 -1 -1 -1 -1 -1 -1 -1 -1 -1 -1 -1 
thread 1 criada
pagina 10 criada na thread 1
pagina 42 criada na thread 1
pagina 23 criada na thread 1
pagina 28 criada na thread 1
thread arg: 0x14089f0
29 36 0 21 10 42 23 28 -1 -1 -1 -1 -1 -1 -1 -1 -1 -1 -1 -1 -1 -1 -1 -1 -1 -1 -1 -1 -1 -1 -1 -1 -1 -1 -1 -1 -1 -1 -1 -1 -1 -1 -1 -1 -1 -1 -1 -1 -1 -1 -1 -1 -1 -1 -1 -1 -1 -1 -1 -1 -1 -1 -1 -1 
pagina 33 solicitada pela thread 1
PF
-----------
42 23 28 33 
pagina 47 solicitada pela thread 0
criando thread no segundo 9 
29 36 0 21 42 23 28 33 -1 -1 -1 -1 -1 -1 -1 -1 -1 -1 -1 -1 -1 -1 -1 -1 -1 -1 -1 -1 -1 -1 -1 -1 -1 -1 -1 -1 -1 -1 -1 -1 -1 -1 -1 -1 -1 -1 -1 -1 -1 -1 -1 -1 -1 -1 -1 -1 -1 -1 -1 -1 -1 -1 -1 -1 
thread 2 criada
pagina 39 criada na thread 2
pagina 15 criada na thread 2
pagina 36 criada na thread 2
pagina 43 criada na thread 2
thread arg: 0x1408b40
29 36 0 21 42 23 28 33 39 15 36 43 -1 -1 -1 -1 -1 -1 -1 -1 -1 -1 -1 -1 -1 -1 -1 -1 -1 -1 -1 -1 -1 -1 -1 -1 -1 -1 -1 -1 -1 -1 -1 -1 -1 -1 -1 -1 -1 -1 -1 -1 -1 -1 -1 -1 -1 -1 -1 -1 -1 -1 -1 -1 
PF
-----------
36 0 21 47 
36 0 21 47 42 23 28 33 39 15 36 43 -1 -1 -1 -1 -1 -1 -1 -1 -1 -1 -1 -1 -1 -1 -1 -1 -1 -1 -1 -1 -1 -1 -1 -1 -1 -1 -1 -1 -1 -1 -1 -1 -1 -1 -1 -1 -1 -1 -1 -1 -1 -1 -1 -1 -1 -1 -1 -1 -1 -1 -1 -1 
pagina 4 solicitada pela thread 1
PF
-----------
23 28 33 4 
36 0 21 47 23 28 33 4 39 15 36 43 -1 -1 -1 -1 -1 -1 -1 -1 -1 -1 -1 -1 -1 -1 -1 -1 -1 -1 -1 -1 -1 -1 -1 -1 -1 -1 -1 -1 -1 -1 -1 -1 -1 -1 -1 -1 -1 -1 -1 -1 -1 -1 -1 -1 -1 -1 -1 -1 -1 -1 -1 -1 
pagina 45 solicitada pela thread 2
PF
-----------
15 36 43 45 
36 0 21 47 23 28 33 4 15 36 43 45 -1 -1 -1 -1 -1 -1 -1 -1 -1 -1 -1 -1 -1 -1 -1 -1 -1 -1 -1 -1 -1 -1 -1 -1 -1 -1 -1 -1 -1 -1 -1 -1 -1 -1 -1 -1 -1 -1 -1 -1 -1 -1 -1 -1 -1 -1 -1 -1 -1 -1 -1 -1 
pagina 5 solicitada pela thread 0
PF
-----------
0 21 47 5 
0 21 47 5 23 28 33 4 15 36 43 45 -1 -1 -1 -1 -1 -1 -1 -1 -1 -1 -1 -1 -1 -1 -1 -1 -1 -1 -1 -1 -1 -1 -1 -1 -1 -1 -1 -1 -1 -1 -1 -1 -1 -1 -1 -1 -1 -1 -1 -1 -1 -1 -1 -1 -1 -1 -1 -1 -1 -1 -1 -1 
criando thread no segundo 12 
thread 3 criada
pagina 32 criada na thread 3
pagina 14 criada na thread 3
pagina 47 criada na thread 3
pagina 16 criada na thread 3
thread arg: 0x1408c90
0 21 47 5 23 28 33 4 15 36 43 45 32 14 47 16 -1 -1 -1 -1 -1 -1 -1 -1 -1 -1 -1 -1 -1 -1 -1 -1 -1 -1 -1 -1 -1 -1 -1 -1 -1 -1 -1 -1 -1 -1 -1 -1 -1 -1 -1 -1 -1 -1 -1 -1 -1 -1 -1 -1 -1 -1 -1 -1 
pagina 18 solicitada pela thread 1
PF
-----------
28 33 4 18 
pagina 34 solicitada pela thread 2
pagina 19 solicitada pela thread 0
criando thread no segundo 15 
0 21 47 5 28 33 4 18 15 36 43 45 32 14 47 16 -1 -1 -1 -1 -1 -1 -1 -1 -1 -1 -1 -1 -1 -1 -1 -1 -1 -1 -1 -1 -1 -1 -1 -1 -1 -1 -1 -1 -1 -1 -1 -1 -1 -1 -1 -1 -1 -1 -1 -1 -1 -1 -1 -1 -1 -1 -1 -1 
pagina 18 solicitada pela thread 3
PF
-----------
14 47 16 18 
0 21 47 5 28 33 4 18 15 36 43 45 14 47 16 18 -1 -1 -1 -1 -1 -1 -1 -1 -1 -1 -1 -1 -1 -1 -1 -1 -1 -1 -1 -1 -1 -1 -1 -1 -1 -1 -1 -1 -1 -1 -1 -1 -1 -1 -1 -1 -1 -1 -1 -1 -1 -1 -1 -1 -1 -1 -1 -1 
PF
-----------
21 47 5 19 
21 47 5 19 28 33 4 18 15 36 43 45 14 47 16 18 -1 -1 -1 -1 -1 -1 -1 -1 -1 -1 -1 -1 -1 -1 -1 -1 -1 -1 -1 -1 -1 -1 -1 -1 -1 -1 -1 -1 -1 -1 -1 -1 -1 -1 -1 -1 -1 -1 -1 -1 -1 -1 -1 -1 -1 -1 -1 -1 
PF
-----------
36 43 45 34 
21 47 5 19 28 33 4 18 36 43 45 34 14 47 16 18 -1 -1 -1 -1 -1 -1 -1 -1 -1 -1 -1 -1 -1 -1 -1 -1 -1 -1 -1 -1 -1 -1 -1 -1 -1 -1 -1 -1 -1 -1 -1 -1 -1 -1 -1 -1 -1 -1 -1 -1 -1 -1 -1 -1 -1 -1 -1 -1 
thread 4 criada
pagina 43 criada na thread 4
pagina 7 criada na thread 4
pagina 26 criada na thread 4
pagina 12 criada na thread 4
thread arg: 0x1408de0
21 47 5 19 28 33 4 18 36 43 45 34 14 47 16 18 43 7 26 12 -1 -1 -1 -1 -1 -1 -1 -1 -1 -1 -1 -1 -1 -1 -1 -1 -1 -1 -1 -1 -1 -1 -1 -1 -1 -1 -1 -1 -1 -1 -1 -1 -1 -1 -1 -1 -1 -1 -1 -1 -1 -1 -1 -1 
pagina 28 solicitada pela thread 3
PF
-----------
47 16 18 28 
21 47 5 19 28 33 4 18 36 43 45 34 47 16 18 28 43 7 26 12 -1 -1 -1 -1 -1 -1 -1 -1 -1 -1 -1 -1 -1 -1 -1 -1 -1 -1 -1 -1 -1 -1 -1 -1 -1 -1 -1 -1 -1 -1 -1 -1 -1 -1 -1 -1 -1 -1 -1 -1 -1 -1 -1 -1 
pagina 28 solicitada pela thread 2
PF
-----------
43 45 34 28 
21 47 5 19 28 33 4 18 43 45 34 28 47 16 18 28 43 7 26 12 -1 -1 -1 -1 -1 -1 -1 -1 -1 -1 -1 -1 -1 -1 -1 -1 -1 -1 -1 -1 -1 -1 -1 -1 -1 -1 -1 -1 -1 -1 -1 -1 -1 -1 -1 -1 -1 -1 -1 -1 -1 -1 -1 -1 
pagina 0 solicitada pela thread 4
PF
-----------
7 26 12 0 
21 47 5 19 28 33 4 18 43 45 34 28 47 16 18 28 7 26 12 0 -1 -1 -1 -1 -1 -1 -1 -1 -1 -1 -1 -1 -1 -1 -1 -1 -1 -1 -1 -1 -1 -1 -1 -1 -1 -1 -1 -1 -1 -1 -1 -1 -1 -1 -1 -1 -1 -1 -1 -1 -1 -1 -1 -1 
criando thread no segundo 18 
thread 5 criada
pagina 10 criada na thread 5
pagina 20 criada na thread 5
pagina 38 criada na thread 5
pagina 35 criada na thread 5
thread arg: 0x1408f30
21 47 5 19 28 33 4 18 43 45 34 28 47 16 18 28 7 26 12 0 10 20 38 35 -1 -1 -1 -1 -1 -1 -1 -1 -1 -1 -1 -1 -1 -1 -1 -1 -1 -1 -1 -1 -1 -1 -1 -1 -1 -1 -1 -1 -1 -1 -1 -1 -1 -1 -1 -1 -1 -1 -1 -1 
pagina 5 solicitada pela thread 0
Sem PF
-----------
21 47 19 5 
21 47 19 5 28 33 4 18 43 45 34 28 47 16 18 28 7 26 12 0 10 20 38 35 -1 -1 -1 -1 -1 -1 -1 -1 -1 -1 -1 -1 -1 -1 -1 -1 -1 -1 -1 -1 -1 -1 -1 -1 -1 -1 -1 -1 -1 -1 -1 -1 -1 -1 -1 -1 -1 -1 -1 -1 
pagina 28 solicitada pela thread 1
Sem PF
-----------
33 4 18 28 
21 47 19 5 33 4 18 28 43 45 34 28 47 16 18 28 7 26 12 0 10 20 38 35 -1 -1 -1 -1 -1 -1 -1 -1 -1 -1 -1 -1 -1 -1 -1 -1 -1 -1 -1 -1 -1 -1 -1 -1 -1 -1 -1 -1 -1 -1 -1 -1 -1 -1 -1 -1 -1 -1 -1 -1 
pagina 1 solicitada pela thread 5
PF
-----------
20 38 35 1 
21 47 19 5 33 4 18 28 43 45 34 28 47 16 18 28 7 26 12 0 20 38 35 1 -1 -1 -1 -1 -1 -1 -1 -1 -1 -1 -1 -1 -1 -1 -1 -1 -1 -1 -1 -1 -1 -1 -1 -1 -1 -1 -1 -1 -1 -1 -1 -1 -1 -1 -1 -1 -1 -1 -1 -1 
pagina 41 solicitada pela thread 0
PF
-----------
47 19 5 41 
criando thread no segundo 21 
pagina 40 solicitada pela thread 1
pagina 24 solicitada pela thread 3
47 19 5 41 33 4 18 28 43 45 34 28 47 16 18 28 7 26 12 0 20 38 35 1 -1 -1 -1 -1 -1 -1 -1 -1 -1 -1 -1 -1 -1 -1 -1 -1 -1 -1 -1 -1 -1 -1 -1 -1 -1 -1 -1 -1 -1 -1 -1 -1 -1 -1 -1 -1 -1 -1 -1 -1 
pagina 32 solicitada pela thread 4
PF
-----------
26 12 0 32 
47 19 5 41 33 4 18 28 43 45 34 28 47 16 18 28 26 12 0 32 20 38 35 1 -1 -1 -1 -1 -1 -1 -1 -1 -1 -1 -1 -1 -1 -1 -1 -1 -1 -1 -1 -1 -1 -1 -1 -1 -1 -1 -1 -1 -1 -1 -1 -1 -1 -1 -1 -1 -1 -1 -1 -1 
PF
-----------
16 18 28 24 
47 19 5 41 33 4 18 28 43 45 34 28 16 18 28 24 26 12 0 32 20 38 35 1 -1 -1 -1 -1 -1 -1 -1 -1 -1 -1 -1 -1 -1 -1 -1 -1 -1 -1 -1 -1 -1 -1 -1 -1 -1 -1 -1 -1 -1 -1 -1 -1 -1 -1 -1 -1 -1 -1 -1 -1 
thread 6 criada
pagina 18 criada na thread 6
pagina 35 criada na thread 6
pagina 45 criada na thread 6
pagina 25 criada na thread 6
thread arg: 0x1409080
47 19 5 41 33 4 18 28 43 45 34 28 16 18 28 24 26 12 0 32 20 38 35 1 18 35 45 25 -1 -1 -1 -1 -1 -1 -1 -1 -1 -1 -1 -1 -1 -1 -1 -1 -1 -1 -1 -1 -1 -1 -1 -1 -1 -1 -1 -1 -1 -1 -1 -1 -1 -1 -1 -1 
PF
-----------
4 18 28 40 
47 19 5 41 4 18 28 40 43 45 34 28 16 18 28 24 26 12 0 32 20 38 35 1 18 35 45 25 -1 -1 -1 -1 -1 -1 -1 -1 -1 -1 -1 -1 -1 -1 -1 -1 -1 -1 -1 -1 -1 -1 -1 -1 -1 -1 -1 -1 -1 -1 -1 -1 -1 -1 -1 -1 
pagina 30 solicitada pela thread 2
PF
-----------
45 34 28 30 
47 19 5 41 4 18 28 40 45 34 28 30 16 18 28 24 26 12 0 32 20 38 35 1 18 35 45 25 -1 -1 -1 -1 -1 -1 -1 -1 -1 -1 -1 -1 -1 -1 -1 -1 -1 -1 -1 -1 -1 -1 -1 -1 -1 -1 -1 -1 -1 -1 -1 -1 -1 -1 -1 -1 
pagina 29 solicitada pela thread 5
PF
-----------
38 35 1 29 
47 19 5 41 4 18 28 40 45 34 28 30 16 18 28 24 26 12 0 32 38 35 1 29 18 35 45 25 -1 -1 -1 -1 -1 -1 -1 -1 -1 -1 -1 -1 -1 -1 -1 -1 -1 -1 -1 -1 -1 -1 -1 -1 -1 -1 -1 -1 -1 -1 -1 -1 -1 -1 -1 -1 
pagina 45 solicitada pela thread 4
PF
-----------
12 0 32 45 
47 19 5 41 4 18 28 40 45 34 28 30 16 18 28 24 12 0 32 45 38 35 1 29 18 35 45 25 -1 -1 -1 -1 -1 -1 -1 -1 -1 -1 -1 -1 -1 -1 -1 -1 -1 -1 -1 -1 -1 -1 -1 -1 -1 -1 -1 -1 -1 -1 -1 -1 -1 -1 -1 -1 
pagina 27 solicitada pela thread 0
PF
-----------
19 5 41 27 
19 5 41 27 4 18 28 40 45 34 28 30 16 18 28 24 12 0 32 45 38 35 1 29 18 35 45 25 -1 -1 -1 -1 -1 -1 -1 -1 -1 -1 -1 -1 -1 -1 -1 -1 -1 -1 -1 -1 -1 -1 -1 -1 -1 -1 -1 -1 -1 -1 -1 -1 -1 -1 -1 -1 
criando thread no segundo 24 
pagina 9 solicitada pela thread 6
PF
-----------
35 45 25 9 
19 5 41 27 4 18 28 40 45 34 28 30 16 18 28 24 12 0 32 45 38 35 1 29 35 45 25 9 -1 -1 -1 -1 -1 -1 -1 -1 -1 -1 -1 -1 -1 -1 -1 -1 -1 -1 -1 -1 -1 -1 -1 -1 -1 -1 -1 -1 -1 -1 -1 -1 -1 -1 -1 -1 
pagina 14 solicitada pela thread 3
PF
-----------
18 28 24 14 
19 5 41 27 4 18 28 40 45 34 28 30 18 28 24 14 12 0 32 45 38 35 1 29 35 45 25 9 -1 -1 -1 -1 -1 -1 -1 -1 -1 -1 -1 -1 -1 -1 -1 -1 -1 -1 -1 -1 -1 -1 -1 -1 -1 -1 -1 -1 -1 -1 -1 -1 -1 -1 -1 -1 
pagina 41 solicitada pela thread 2
PF
-----------
34 28 30 41 
19 5 41 27 4 18 28 40 34 28 30 41 18 28 24 14 12 0 32 45 38 35 1 29 35 45 25 9 -1 -1 -1 -1 -1 -1 -1 -1 -1 -1 -1 -1 -1 -1 -1 -1 -1 -1 -1 -1 -1 -1 -1 -1 -1 -1 -1 -1 -1 -1 -1 -1 -1 -1 -1 -1 
pagina 17 solicitada pela thread 1
PF
-----------
18 28 40 17 
19 5 41 27 18 28 40 17 34 28 30 41 18 28 24 14 12 0 32 45 38 35 1 29 35 45 25 9 -1 -1 -1 -1 -1 -1 -1 -1 -1 -1 -1 -1 -1 -1 -1 -1 -1 -1 -1 -1 -1 -1 -1 -1 -1 -1 -1 -1 -1 -1 -1 -1 -1 -1 -1 -1 
thread 7 criada
pagina 30 criada na thread 7
pagina 7 criada na thread 7
pagina 26 criada na thread 7
pagina 8 criada na thread 7
thread arg: 0x14091d0
19 5 41 27 18 28 40 17 34 28 30 41 18 28 24 14 12 0 32 45 38 35 1 29 35 45 25 9 30 7 26 8 -1 -1 -1 -1 -1 -1 -1 -1 -1 -1 -1 -1 -1 -1 -1 -1 -1 -1 -1 -1 -1 -1 -1 -1 -1 -1 -1 -1 -1 -1 -1 -1 
pagina 19 solicitada pela thread 7
PF
-----------
7 26 8 19 
19 5 41 27 18 28 40 17 34 28 30 41 18 28 24 14 12 0 32 45 38 35 1 29 35 45 25 9 7 26 8 19 -1 -1 -1 -1 -1 -1 -1 -1 -1 -1 -1 -1 -1 -1 -1 -1 -1 -1 -1 -1 -1 -1 -1 -1 -1 -1 -1 -1 -1 -1 -1 -1 
pagina 35 solicitada pela thread 0
PF
-----------
5 41 27 35 
5 41 27 35 18 28 40 17 34 28 30 41 18 28 24 14 12 0 32 45 38 35 1 29 35 45 25 9 7 26 8 19 -1 -1 -1 -1 -1 -1 -1 -1 -1 -1 -1 -1 -1 -1 -1 -1 -1 -1 -1 -1 -1 -1 -1 -1 -1 -1 -1 -1 -1 -1 -1 -1 
criando thread no segundo 27 
thread 8 criada
pagina 31 criada na thread 8
pagina 17 criada na thread 8
pagina 9 criada na thread 8
pagina 7 criada na thread 8
pagina 8 solicitada pela thread 6
PF
-----------
45 25 9 8 
5 41 27 35 18 28 40 17 34 28 30 41 18 28 24 14 12 0 32 45 38 35 1 29 45 25 9 8 7 26 8 19 -1 -1 -1 -1 -1 -1 -1 -1 -1 -1 -1 -1 -1 -1 -1 -1 -1 -1 -1 -1 -1 -1 -1 -1 -1 -1 -1 -1 -1 -1 -1 -1 
pagina 43 solicitada pela thread 1
PF
-----------
28 40 17 43 
5 41 27 35 28 40 17 43 34 28 30 41 18 28 24 14 12 0 32 45 38 35 1 29 45 25 9 8 7 26 8 19 -1 -1 -1 -1 -1 -1 -1 -1 -1 -1 -1 -1 -1 -1 -1 -1 -1 -1 -1 -1 -1 -1 -1 -1 -1 -1 -1 -1 -1 -1 -1 -1 
pagina 5 solicitada pela thread 3
PF
-----------
28 24 14 5 
5 41 27 35 28 40 17 43 34 28 30 41 28 24 14 5 12 0 32 45 38 35 1 29 45 25 9 8 7 26 8 19 -1 -1 -1 -1 -1 -1 -1 -1 -1 -1 -1 -1 -1 -1 -1 -1 -1 -1 -1 -1 -1 -1 -1 -1 -1 -1 -1 -1 -1 -1 -1 -1 
pagina 19 solicitada pela thread 5
PF
-----------
35 1 29 19 
5 41 27 35 28 40 17 43 34 28 30 41 28 24 14 5 12 0 32 45 35 1 29 19 45 25 9 8 7 26 8 19 -1 -1 -1 -1 -1 -1 -1 -1 -1 -1 -1 -1 -1 -1 -1 -1 -1 -1 -1 -1 -1 -1 -1 -1 -1 -1 -1 -1 -1 -1 -1 -1 
pagina 15 solicitada pela thread 4
PF
-----------
0 32 45 15 
5 41 27 35 28 40 17 43 34 28 30 41 28 24 14 5 0 32 45 15 35 1 29 19 45 25 9 8 7 26 8 19 -1 -1 -1 -1 -1 -1 -1 -1 -1 -1 -1 -1 -1 -1 -1 -1 -1 -1 -1 -1 -1 -1 -1 -1 -1 -1 -1 -1 -1 -1 -1 -1 
pagina 31 solicitada pela thread 2
PF
-----------
28 30 41 31 
5 41 27 35 28 40 17 43 28 30 41 31 28 24 14 5 0 32 45 15 35 1 29 19 45 25 9 8 7 26 8 19 -1 -1 -1 -1 -1 -1 -1 -1 -1 -1 -1 -1 -1 -1 -1 -1 -1 -1 -1 -1 -1 -1 -1 -1 -1 -1 -1 -1 -1 -1 -1 -1 
thread arg: 0x1409320
5 41 27 35 28 40 17 43 28 30 41 31 28 24 14 5 0 32 45 15 35 1 29 19 45 25 9 8 7 26 8 19 31 17 9 7 -1 -1 -1 -1 -1 -1 -1 -1 -1 -1 -1 -1 -1 -1 -1 -1 -1 -1 -1 -1 -1 -1 -1 -1 -1 -1 -1 -1 
pagina 1 solicitada pela thread 0
PF
-----------
41 27 35 1 
41 27 35 1 28 40 17 43 28 30 41 31 28 24 14 5 0 32 45 15 35 1 29 19 45 25 9 8 7 26 8 19 31 17 9 7 -1 -1 -1 -1 -1 -1 -1 -1 -1 -1 -1 -1 -1 -1 -1 -1 -1 -1 -1 -1 -1 -1 -1 -1 -1 -1 -1 -1 
pagina 36 solicitada pela thread 5
PF
-----------
1 29 19 36 
41 27 35 1 28 40 17 43 28 30 41 31 28 24 14 5 0 32 45 15 1 29 19 36 45 25 9 8 7 26 8 19 31 17 9 7 -1 -1 -1 -1 -1 -1 -1 -1 -1 -1 -1 -1 -1 -1 -1 -1 -1 -1 -1 -1 -1 -1 -1 -1 -1 -1 -1 -1 
criando thread no segundo 30 
pagina 22 solicitada pela thread 3
PF
-----------
24 14 5 22 
41 27 35 1 28 40 17 43 28 30 41 31 24 14 5 22 0 32 45 15 1 29 19 36 45 25 9 8 7 26 8 19 31 17 9 7 -1 -1 -1 -1 -1 -1 -1 -1 -1 -1 -1 -1 -1 -1 -1 -1 -1 -1 -1 -1 -1 -1 -1 -1 -1 -1 -1 -1 
pagina 18 solicitada pela thread 7
PF
-----------
26 8 19 18 
41 27 35 1 28 40 17 43 28 30 41 31 24 14 5 22 0 32 45 15 1 29 19 36 45 25 9 8 26 8 19 18 31 17 9 7 -1 -1 -1 -1 -1 -1 -1 -1 -1 -1 -1 -1 -1 -1 -1 -1 -1 -1 -1 -1 -1 -1 -1 -1 -1 -1 -1 -1 
pagina 1 solicitada pela thread 1
PF
-----------
40 17 43 1 
41 27 35 1 40 17 43 1 28 30 41 31 24 14 5 22 0 32 45 15 1 29 19 36 45 25 9 8 26 8 19 18 31 17 9 7 -1 -1 -1 -1 -1 -1 -1 -1 -1 -1 -1 -1 -1 -1 -1 -1 -1 -1 -1 -1 -1 -1 -1 -1 -1 -1 -1 -1 
pagina 48 solicitada pela thread 6
PF
-----------
25 9 8 48 
41 27 35 1 40 17 43 1 28 30 41 31 24 14 5 22 0 32 45 15 1 29 19 36 25 9 8 48 26 8 19 18 31 17 9 7 -1 -1 -1 -1 -1 -1 -1 -1 -1 -1 -1 -1 -1 -1 -1 -1 -1 -1 -1 -1 -1 -1 -1 -1 -1 -1 -1 -1 
thread 9 criada
pagina 41 criada na thread 9
pagina 45 criada na thread 9
pagina 20 criada na thread 9
pagina 0 criada na thread 9
thread arg: 0x1409470
41 27 35 1 40 17 43 1 28 30 41 31 24 14 5 22 0 32 45 15 1 29 19 36 25 9 8 48 26 8 19 18 31 17 9 7 41 45 20 0 -1 -1 -1 -1 -1 -1 -1 -1 -1 -1 -1 -1 -1 -1 -1 -1 -1 -1 -1 -1 -1 -1 -1 -1 
pagina 24 solicitada pela thread 4
PF
-----------
32 45 15 24 
41 27 35 1 40 17 43 1 28 30 41 31 24 14 5 22 32 45 15 24 1 29 19 36 25 9 8 48 26 8 19 18 31 17 9 7 41 45 20 0 -1 -1 -1 -1 -1 -1 -1 -1 -1 -1 -1 -1 -1 -1 -1 -1 -1 -1 -1 -1 -1 -1 -1 -1 
pagina 47 solicitada pela thread 2
PF
-----------
30 41 31 47 
41 27 35 1 40 17 43 1 30 41 31 47 24 14 5 22 32 45 15 24 1 29 19 36 25 9 8 48 26 8 19 18 31 17 9 7 41 45 20 0 -1 -1 -1 -1 -1 -1 -1 -1 -1 -1 -1 -1 -1 -1 -1 -1 -1 -1 -1 -1 -1 -1 -1 -1 
pagina 43 solicitada pela thread 8
PF
-----------
17 9 7 43 
41 27 35 1 40 17 43 1 30 41 31 47 24 14 5 22 32 45 15 24 1 29 19 36 25 9 8 48 26 8 19 18 17 9 7 43 41 45 20 0 -1 -1 -1 -1 -1 -1 -1 -1 -1 -1 -1 -1 -1 -1 -1 -1 -1 -1 -1 -1 -1 -1 -1 -1 
criando thread no segundo 33 
pagina 9 solicitada pela thread 0
PF
-----------
27 35 1 9 
27 35 1 9 40 17 43 1 30 41 31 47 24 14 5 22 32 45 15 24 1 29 19 36 25 9 8 48 26 8 19 18 17 9 7 43 41 45 20 0 -1 -1 -1 -1 -1 -1 -1 -1 -1 -1 -1 -1 -1 -1 -1 -1 -1 -1 -1 -1 -1 -1 -1 -1 
pagina 5 solicitada pela thread 8
pagina 40 solicitada pela thread 3
PF
-----------
14 5 22 40 
27 35 1 9 40 17 43 1 30 41 31 47 14 5 22 40 32 45 15 24 1 29 19 36 25 9 8 48 26 8 19 18 17 9 7 43 41 45 20 0 -1 -1 -1 -1 -1 -1 -1 -1 -1 -1 -1 -1 -1 -1 -1 -1 -1 -1 -1 -1 -1 -1 -1 -1 
pagina 32 solicitada pela thread 2
PF
-----------
41 31 47 32 
27 35 1 9 40 17 43 1 41 31 47 32 14 5 22 40 32 45 15 24 1 29 19 36 25 9 8 48 26 8 19 18 17 9 7 43 41 45 20 0 -1 -1 -1 -1 -1 -1 -1 -1 -1 -1 -1 -1 -1 -1 -1 -1 -1 -1 -1 -1 -1 -1 -1 -1 
pagina 16 solicitada pela thread 9
PF
-----------
pagina 39 solicitada pela thread 1
45 20 0 16 
27 35 1 9 40 17 43 1 41 31 47 32 14 5 22 40 32 45 15 24 1 29 19 36 25 9 8 48 26 8 19 18 17 9 7 43 45 20 0 16 -1 -1 -1 -1 -1 -1 -1 -1 -1 -1 -1 -1 -1 -1 -1 -1 -1 -1 -1 -1 -1 -1 -1 -1 
PF
-----------
17 43 1 39 
27 35 1 9 17 43 1 39 41 31 47 32 14 5 22 40 32 45 15 24 1 29 19 36 25 9 8 48 26 8 19 18 17 9 7 43 45 20 0 16 -1 -1 -1 -1 -1 -1 -1 -1 -1 -1 -1 -1 -1 -1 -1 -1 -1 -1 -1 -1 -1 -1 -1 -1 
pagina 8 solicitada pela thread 7
Sem PF
-----------
26 19 18 8 
27 35 1 9 17 43 1 39 41 31 47 32 14 5 22 40 32 45 15 24 1 29 19 36 25 9 8 48 26 19 18 8 17 9 7 43 45 20 0 16 -1 -1 -1 -1 -1 -1 -1 -1 -1 -1 -1 -1 -1 -1 -1 -1 -1 -1 -1 -1 -1 -1 -1 -1 
thread 10 criada
pagina 8 criada na thread 10
pagina 48 criada na thread 10
pagina 40 criada na thread 10
pagina 16 criada na thread 10
thread arg: 0x14095c0
27 35 1 9 17 43 1 39 41 31 47 32 14 5 22 40 32 45 15 24 1 29 19 36 25 9 8 48 26 19 18 8 17 9 7 43 45 20 0 16 8 48 40 16 -1 -1 -1 -1 -1 -1 -1 -1 -1 -1 -1 -1 -1 -1 -1 -1 -1 -1 -1 -1 
PF
-----------
9 7 43 5 
27 35 1 9 17 43 1 39 41 31 47 32 14 5 22 40 32 45 15 24 1 29 19 36 25 9 8 48 26 19 18 8 9 7 43 5 45 20 0 16 8 48 40 16 -1 -1 -1 -1 -1 -1 -1 -1 -1 -1 -1 -1 -1 -1 -1 -1 -1 -1 -1 -1 
pagina 37 solicitada pela thread 4
PF
-----------
45 15 24 37 
27 35 1 9 17 43 1 39 41 31 47 32 14 5 22 40 45 15 24 37 1 29 19 36 25 9 8 48 26 19 18 8 9 7 43 5 45 20 0 16 8 48 40 16 -1 -1 -1 -1 -1 -1 -1 -1 -1 -1 -1 -1 -1 -1 -1 -1 -1 -1 -1 -1 
pagina 22 solicitada pela thread 5
PF
-----------
29 19 36 22 
27 35 1 9 17 43 1 39 41 31 47 32 14 5 22 40 45 15 24 37 29 19 36 22 25 9 8 48 26 19 18 8 9 7 43 5 45 20 0 16 8 48 40 16 -1 -1 -1 -1 -1 -1 -1 -1 -1 -1 -1 -1 -1 -1 -1 -1 -1 -1 -1 -1 
pagina 15 solicitada pela thread 6
PF
-----------
9 8 48 15 
27 35 1 9 17 43 1 39 41 31 47 32 14 5 22 40 45 15 24 37 29 19 36 22 9 8 48 15 26 19 18 8 9 7 43 5 45 20 0 16 8 48 40 16 -1 -1 -1 -1 -1 -1 -1 -1 -1 -1 -1 -1 -1 -1 -1 -1 -1 -1 -1 -1 
pagina 32 solicitada pela thread 5
PF
-----------
19 36 22 32 
27 35 1 9 17 43 1 39 41 31 47 32 14 5 22 40 45 15 24 37 19 36 22 32 9 8 48 15 26 19 18 8 9 7 43 5 45 20 0 16 8 48 40 16 -1 -1 -1 -1 -1 -1 -1 -1 -1 -1 -1 -1 -1 -1 -1 -1 -1 -1 -1 -1 
pagina 39 solicitada pela thread 2
pagina 27 solicitada pela thread 3
pagina 12 solicitada pela thread 10
pagina 40 solicitada pela thread 4
pagina 34 solicitada pela thread 6
pagina 16 solicitada pela thread 8
pagina 33 solicitada pela thread 7
pagina 32 solicitada pela thread 9
criando thread no segundo 36 
pagina 9 solicitada pela thread 0
PF
-----------
31 47 32 39 
27 35 1 9 17 43 1 39 31 47 32 39 14 5 22 40 45 15 24 37 19 36 22 32 9 8 48 15 26 19 18 8 9 7 43 5 45 20 0 16 8 48 40 16 -1 -1 -1 -1 -1 -1 -1 -1 -1 -1 -1 -1 -1 -1 -1 -1 -1 -1 -1 -1 
PF
-----------
5 22 40 27 
27 35 1 9 17 43 1 39 31 47 32 39 5 22 40 27 45 15 24 37 19 36 22 32 9 8 48 15 26 19 18 8 9 7 43 5 45 20 0 16 8 48 40 16 -1 -1 -1 -1 -1 -1 -1 -1 -1 -1 -1 -1 -1 -1 -1 -1 -1 -1 -1 -1 
PF
-----------
48 40 16 12 
27 35 1 9 17 43 1 39 31 47 32 39 5 22 40 27 45 15 24 37 19 36 22 32 9 8 48 15 26 19 18 8 9 7 43 5 45 20 0 16 48 40 16 12 -1 -1 -1 -1 -1 -1 -1 -1 -1 -1 -1 -1 -1 -1 -1 -1 -1 -1 -1 -1 
PF
-----------
15 24 37 40 
27 35 1 9 17 43 1 39 31 47 32 39 5 22 40 27 15 24 37 40 19 36 22 32 9 8 48 15 26 19 18 8 9 7 43 5 45 20 0 16 48 40 16 12 -1 -1 -1 -1 -1 -1 -1 -1 -1 -1 -1 -1 -1 -1 -1 -1 -1 -1 -1 -1 
PF
-----------
8 48 15 34 
27 35 1 9 17 43 1 39 31 47 32 39 5 22 40 27 15 24 37 40 19 36 22 32 8 48 15 34 26 19 18 8 9 7 43 5 45 20 0 16 48 40 16 12 -1 -1 -1 -1 -1 -1 -1 -1 -1 -1 -1 -1 -1 -1 -1 -1 -1 -1 -1 -1 
thread 11 criada
pagina 34 criada na thread 11
pagina 8 criada na thread 11
pagina 25 criada na thread 11
pagina 31 criada na thread 11
thread arg: 0x1409710
27 35 1 9 17 43 1 39 31 47 32 39 5 22 40 27 15 24 37 40 19 36 22 32 8 48 15 34 26 19 18 8 9 7 43 5 45 20 0 16 48 40 16 12 34 8 25 31 -1 -1 -1 -1 -1 -1 -1 -1 -1 -1 -1 -1 -1 -1 -1 -1 
PF
-----------
19 18 8 33 
27 35 1 9 17 43 1 39 31 47 32 39 5 22 40 27 15 24 37 40 19 36 22 32 8 48 15 34 19 18 8 33 9 7 43 5 45 20 0 16 48 40 16 12 34 8 25 31 -1 -1 -1 -1 -1 -1 -1 -1 -1 -1 -1 -1 -1 -1 -1 -1 
pagina 28 solicitada pela thread 1
PF
-----------
43 1 39 28 
27 35 1 9 43 1 39 28 31 47 32 39 5 22 40 27 15 24 37 40 19 36 22 32 8 48 15 34 19 18 8 33 9 7 43 5 45 20 0 16 48 40 16 12 34 8 25 31 -1 -1 -1 -1 -1 -1 -1 -1 -1 -1 -1 -1 -1 -1 -1 -1 
Sem PF
-----------
27 35 1 9 
27 35 1 9 43 1 39 28 31 47 32 39 5 22 40 27 15 24 37 40 19 36 22 32 8 48 15 34 19 18 8 33 9 7 43 5 45 20 0 16 48 40 16 12 34 8 25 31 -1 -1 -1 -1 -1 -1 -1 -1 -1 -1 -1 -1 -1 -1 -1 -1 
PF
-----------
7 43 5 16 
27 35 1 9 43 1 39 28 31 47 32 39 5 22 40 27 15 24 37 4